0.1
0.09937290231233596
0.09936690228243467
0.10049634470914946
0.102270787509708
0.1049131386642629
0.10850262806353675
0.11316338525094838
0.11907664322145116
0.12649941722901098
0.1314836286017435
0.1472465614683889
0.16575784698526536
0.18764268793681682
0.2136547469493712
0.2446732471054205
0.281668911812468
0.32561983288392093
0.3773659259561453
0.4374173512699619
0.4145968972150924
0.4248097521032227
0.434738351215452
0.444400926537685
0.45381375357295206
0.4629914342756622
0.4719471293700145
0.4806927507065807
0.4892391217570188
0.4975961124744226
0.5057727533568764
0.6172888112868674
0.7032130189055454
0.771919890820008
0.8276067233334622
0.8727133934273301
0.9087826709274406
0.936837132838215
0.957567056564727
0.97143199677019
0.9795311285244589
0.9775908764524258
0.9655519501808819
0.9430356951342886
0.9092808370884118
0.8629994509218987
0.8020786099420425
0.7229256729072518
0.6187989586160538
0.5532600641362222
0.47415630711046336
0.3733889354353169
0.3491450343372724
0.3229015760541318
0.2941580773085477
0.2786258829664746
0.26215200779434056
0.2445607739718764
0.2256125319231799
0.20496526967030002
0.18210029905002284
0.15615984440485384
0.1385040872336763
0.11856812083687028
0.09520185140181774
0.08628555188379365
0.07657186858648467
0.06582629584989208
0.053718225520450955
0.040053601447606293
0.030000000000047777