0.1
0.10500000000000001
0.11000000000000001
0.115
0.12000000000000001
0.125
0.13
0.135
0.14
0.14500000000000002
0.15
0.2
0.25
0.3
0.35
0.4
0.45
0.5
0.55
0.6000000000000001
0.65
0.7
0.75
0.8
0.85
0.8999999999999999
0.95
1.
1.05
1.1
1.15
1.2
1.25
1.3
1.35
1.4
1.45
1.5
1.55
1.6
1.65
1.700295507369523
1.7505910147390458
1.7916543420537483
1.8327176693684506
1.8698915261754616
1.9070653829824726
1.9277175256530343
1.9483696683235958
1.9598430809183522
1.971316493513109
1.9776906116213069
1.9840647297295049
1.9876059064562814
1.9911470831830582
1.9931144035868231
1.995081723990588
1.9961746797704574
1.9972676355503267
1.9978748332058096
1.9984820308612925
1.9988193628921165
1.9991566949229402
1.9993441016067313
1.9995315082905225
1.9996356231148509
1.999739737939179
1.9997975795082503
1.9998554210773218
1.9998875552823614
1.999919689487401
1.9999375418235341
1.9999553941596673
1.9999653121241856
1.999975230088704
1.999980740068992
1.99998625004928
1.99998931114944
1.9999923722496
1.9999940728608
1.999995773472
1.999996718256
1.99999766304
1.9999981879200002
1.9999987128
1.9999990044
1.999999296
1.999999458
1.99999962
1.99999971
1.9999998
1.99999985
1.9999999
1.9999999499999999
2
